10001100010000010000000000000100
00000000000000000000000000000000
00000000000000000000000000000000
00000000000000000000000000000000
00000000001000100010000000100000
00000000000000000000000000000000
00000000000000000000000000000000
00000000000000000000000000000000
00000000001010010100000000100101
00000000000000000000000000000000
00000000000000000000000000000000
00000000000000000000000000000000
00010001000010101111111111111100
00000000000000000000000000000000
00000000000000000000000000000000
00000000000000000000000000000000
